   0.0000000e+00   0.0000000e+00   0.0000000e+00  -5.0000000e+00
   0.0000000e+00   0.0000000e+00   0.0000000e+00  -4.9500000e+00
   0.0000000e+00   0.0000000e+00   0.0000000e+00  -4.9000000e+00
   0.0000000e+00   0.0000000e+00   0.0000000e+00  -4.8500000e+00
   0.0000000e+00   0.0000000e+00   0.0000000e+00  -4.8000000e+00
   0.0000000e+00   0.0000000e+00   0.0000000e+00  -4.7500000e+00
   0.0000000e+00   0.0000000e+00   0.0000000e+00  -4.7000000e+00
   0.0000000e+00   0.0000000e+00   0.0000000e+00  -4.6500000e+00
   0.0000000e+00   0.0000000e+00   0.0000000e+00  -4.6000000e+00
   0.0000000e+00   0.0000000e+00   0.0000000e+00  -4.5500000e+00
   0.0000000e+00   0.0000000e+00   0.0000000e+00  -4.5000000e+00
   0.0000000e+00   0.0000000e+00   0.0000000e+00  -4.4500000e+00
   0.0000000e+00   0.0000000e+00   0.0000000e+00  -4.4000000e+00
   0.0000000e+00   0.0000000e+00   0.0000000e+00  -4.3500000e+00
   0.0000000e+00   0.0000000e+00   0.0000000e+00  -4.3000000e+00
   0.0000000e+00   0.0000000e+00   0.0000000e+00  -4.2500000e+00
   0.0000000e+00   0.0000000e+00   0.0000000e+00  -4.2000000e+00
   0.0000000e+00   0.0000000e+00   0.0000000e+00  -4.1500000e+00
   0.0000000e+00   0.0000000e+00   0.0000000e+00  -4.1000000e+00
   0.0000000e+00   0.0000000e+00   0.0000000e+00  -4.0500000e+00
   0.0000000e+00   0.0000000e+00   0.0000000e+00  -4.0000000e+00
   0.0000000e+00   0.0000000e+00   0.0000000e+00  -3.9500000e+00
   0.0000000e+00   0.0000000e+00   0.0000000e+00  -3.9000000e+00
   0.0000000e+00   0.0000000e+00   0.0000000e+00  -3.8500000e+00
   0.0000000e+00   0.0000000e+00   0.0000000e+00  -3.8000000e+00
   0.0000000e+00   0.0000000e+00   0.0000000e+00  -3.7500000e+00
   0.0000000e+00   0.0000000e+00   0.0000000e+00  -3.7000000e+00
   0.0000000e+00   0.0000000e+00   0.0000000e+00  -3.6500000e+00
   0.0000000e+00   0.0000000e+00   0.0000000e+00  -3.6000000e+00
   0.0000000e+00   0.0000000e+00   0.0000000e+00  -3.5500000e+00
   0.0000000e+00   0.0000000e+00   0.0000000e+00  -3.5000000e+00
   0.0000000e+00   0.0000000e+00   0.0000000e+00  -3.4500000e+00
   0.0000000e+00   0.0000000e+00   0.0000000e+00  -3.4000000e+00
   0.0000000e+00   0.0000000e+00   0.0000000e+00  -3.3500000e+00
   0.0000000e+00   0.0000000e+00   0.0000000e+00  -3.3000000e+00
   0.0000000e+00   0.0000000e+00   0.0000000e+00  -3.2500000e+00
   0.0000000e+00   0.0000000e+00   0.0000000e+00  -3.2000000e+00
   0.0000000e+00   0.0000000e+00   0.0000000e+00  -3.1500000e+00
   0.0000000e+00   0.0000000e+00   0.0000000e+00  -3.1000000e+00
   0.0000000e+00   0.0000000e+00   0.0000000e+00  -3.0500000e+00
   0.0000000e+00   0.0000000e+00   0.0000000e+00  -3.0000000e+00
   0.0000000e+00   0.0000000e+00   0.0000000e+00  -2.9500000e+00
   0.0000000e+00   0.0000000e+00   0.0000000e+00  -2.9000000e+00
   0.0000000e+00   0.0000000e+00   0.0000000e+00  -2.8500000e+00
   0.0000000e+00   0.0000000e+00   0.0000000e+00  -2.8000000e+00
   0.0000000e+00   0.0000000e+00   0.0000000e+00  -2.7500000e+00
   0.0000000e+00   0.0000000e+00   0.0000000e+00  -2.7000000e+00
   0.0000000e+00   0.0000000e+00   0.0000000e+00  -2.6500000e+00
   0.0000000e+00   0.0000000e+00   0.0000000e+00  -2.6000000e+00
  -3.4169380e-06  -1.9727700e-06   6.4217630e-06  -2.5500000e+00
  -5.6054810e-06  -3.2363260e-06   1.0534890e-05  -2.5000000e+00
  -9.1042780e-06  -5.2563570e-06   1.7110500e-05  -2.4500000e+00
  -1.4639830e-05  -8.4523090e-06   2.7513960e-05  -2.4000000e+00
  -2.3306800e-05  -1.3456190e-05   4.3802590e-05  -2.3500000e+00
  -3.6735550e-05  -2.1209280e-05   6.9040460e-05  -2.3000000e+00
  -5.7325450e-05  -3.3096860e-05   1.0773690e-04  -2.2500000e+00
  -8.8565660e-05  -5.1133400e-05   1.6644950e-04  -2.2000000e+00
  -1.3546950e-04  -7.8213330e-05   2.5460010e-04  -2.1500000e+00
  -2.0515080e-04  -1.1844390e-04   3.8555850e-04  -2.1000000e+00
  -3.0758300e-04  -1.7758310e-04   5.7806870e-04  -2.0500000e+00
  -4.5657110e-04  -2.6360150e-04   8.5807560e-04  -2.0000000e+00
  -6.7098390e-04  -3.8739270e-04   1.2610410e-03  -1.9500000e+00
  -9.7627540e-04  -5.6365280e-04   1.8348030e-03  -1.9000000e+00
  -1.4063390e-03  -8.1195040e-04   2.6430610e-03  -1.8500000e+00
  -2.0056930e-03  -1.1579870e-03   3.7694820e-03  -1.8000000e+00
  -2.8320180e-03  -1.6350660e-03   5.3224690e-03  -1.7500000e+00
  -3.9589940e-03  -2.2857260e-03   7.4404980e-03  -1.7000000e+00
  -5.4793660e-03  -3.1635130e-03   1.0297870e-02  -1.6500000e+00
  -7.5081550e-03  -4.3348350e-03   1.4110760e-02  -1.6000000e+00
  -1.0185750e-02  -5.8807450e-03   1.9143010e-02  -1.5500000e+00
  -1.3680740e-02  -7.8985810e-03   2.5711470e-02  -1.5000000e+00
  -1.8192140e-02  -1.0503240e-02   3.4190150e-02  -1.4500000e+00
  -2.3950510e-02  -1.3827830e-02   4.5012370e-02  -1.4000000e+00
  -3.1217850e-02  -1.8023630e-02   5.8670540e-02  -1.3500000e+00
  -4.0285420e-02  -2.3258800e-02   7.5712060e-02  -1.3000000e+00
  -5.1469510e-02  -2.9715930e-02   9.6731330e-02  -1.2500000e+00
  -6.5104240e-02  -3.7587950e-02   1.2235630e-01  -1.2000000e+00
  -8.1531520e-02  -4.7072240e-02   1.5322960e-01  -1.1500000e+00
  -1.0108790e-01  -5.8363100e-02   1.8998360e-01  -1.1000000e+00
  -1.2408780e-01  -7.1642140e-02   2.3320960e-01  -1.0500000e+00
  -1.5080530e-01  -8.7067490e-02   2.8342220e-01  -1.0000000e+00
  -1.8145180e-01  -1.0476120e-01   3.4101880e-01  -9.5000000e-01
  -2.1615370e-01  -1.2479640e-01   4.0623730e-01  -9.0000000e-01
  -2.5493020e-01  -1.4718400e-01   4.7911340e-01  -8.5000000e-01
  -2.9767130e-01  -1.7186060e-01   5.5944070e-01  -8.0000000e-01
  -3.4411980e-01  -1.9867760e-01   6.4673550e-01  -7.5000000e-01
  -3.9385770e-01  -2.2739390e-01   7.4021270e-01  -7.0000000e-01
  -4.4629920e-01  -2.5767100e-01   8.3877070e-01  -6.5000000e-01
  -5.0069120e-01  -2.8907420e-01   9.4099460e-01  -6.0000000e-01
  -5.5612310e-01  -3.2107780e-01   1.0451730e+00  -5.5000000e-01
  -6.1154570e-01  -3.5307600e-01   1.1493330e+00  -5.0000000e-01
  -6.6580020e-01  -3.8439990e-01   1.2512990e+00  -4.5000000e-01
  -7.1765550e-01  -4.1433860e-01   1.3487550e+00  -4.0000000e-01
  -7.6585260e-01  -4.4216520e-01   1.4393360e+00  -3.5000000e-01
  -8.0915430e-01  -4.6716540e-01   1.5207170e+00  -3.0000000e-01
  -8.4639800e-01  -4.8866810e-01   1.5907130e+00  -2.5000000e-01
  -8.7654640e-01  -5.0607430e-01   1.6473730e+00  -2.0000000e-01
  -8.9873630e-01  -5.1888560e-01   1.6890770e+00  -1.5000000e-01
  -9.1231890e-01  -5.2672760e-01   1.7146040e+00  -1.0000000e-01
  -9.1689200e-01  -5.2936780e-01   1.7231990e+00  -5.0000000e-02
  -9.1231890e-01  -5.2672760e-01   1.7146040e+00   0.0000000e+00
  -8.9873630e-01  -5.1888560e-01   1.6890770e+00   5.0000000e-02
  -8.7654640e-01  -5.0607430e-01   1.6473730e+00   1.0000000e-01
  -8.4639800e-01  -4.8866810e-01   1.5907130e+00   1.5000000e-01
  -8.0915430e-01  -4.6716540e-01   1.5207170e+00   2.0000000e-01
  -7.6585260e-01  -4.4216520e-01   1.4393360e+00   2.5000000e-01
  -7.1765550e-01  -4.1433860e-01   1.3487550e+00   3.0000000e-01
  -6.6580020e-01  -3.8439990e-01   1.2512990e+00   3.5000000e-01
  -6.1154570e-01  -3.5307600e-01   1.1493330e+00   4.0000000e-01
  -5.5612310e-01  -3.2107780e-01   1.0451730e+00   4.5000000e-01
  -5.0069120e-01  -2.8907420e-01   9.4099460e-01   5.0000000e-01
  -4.4629920e-01  -2.5767100e-01   8.3877070e-01   5.5000000e-01
  -3.9385770e-01  -2.2739390e-01   7.4021270e-01   6.0000000e-01
  -3.4411980e-01  -1.9867760e-01   6.4673550e-01   6.5000000e-01
  -2.9767130e-01  -1.7186060e-01   5.5944070e-01   7.0000000e-01
  -2.5493020e-01  -1.4718400e-01   4.7911340e-01   7.5000000e-01
  -2.1615370e-01  -1.2479640e-01   4.0623730e-01   8.0000000e-01
  -1.8145180e-01  -1.0476120e-01   3.4101880e-01   8.5000000e-01
  -1.5080530e-01  -8.7067490e-02   2.8342220e-01   9.0000000e-01
  -1.2408780e-01  -7.1642140e-02   2.3320960e-01   9.5000000e-01
  -1.0108790e-01  -5.8363100e-02   1.8998360e-01   1.0000000e+00
  -8.1531520e-02  -4.7072240e-02   1.5322960e-01   1.0500000e+00
  -6.5104240e-02  -3.7587950e-02   1.2235630e-01   1.1000000e+00
  -5.1469510e-02  -2.9715930e-02   9.6731330e-02   1.1500000e+00
  -4.0285420e-02  -2.3258800e-02   7.5712060e-02   1.2000000e+00
  -3.1217850e-02  -1.8023630e-02   5.8670540e-02   1.2500000e+00
  -2.3950510e-02  -1.3827830e-02   4.5012370e-02   1.3000000e+00
  -1.8192140e-02  -1.0503240e-02   3.4190150e-02   1.3500000e+00
  -1.3680740e-02  -7.8985810e-03   2.5711470e-02   1.4000000e+00
  -1.0185750e-02  -5.8807450e-03   1.9143010e-02   1.4500000e+00
  -7.5081550e-03  -4.3348350e-03   1.4110760e-02   1.5000000e+00
  -5.4793660e-03  -3.1635130e-03   1.0297870e-02   1.5500000e+00
  -3.9589940e-03  -2.2857260e-03   7.4404980e-03   1.6000000e+00
  -2.8320180e-03  -1.6350660e-03   5.3224690e-03   1.6500000e+00
  -2.0056930e-03  -1.1579870e-03   3.7694820e-03   1.7000000e+00
  -1.4063390e-03  -8.1195040e-04   2.6430610e-03   1.7500000e+00
  -9.7627540e-04  -5.6365280e-04   1.8348030e-03   1.8000000e+00
  -6.7098390e-04  -3.8739270e-04   1.2610410e-03   1.8500000e+00
  -4.5657110e-04  -2.6360150e-04   8.5807560e-04   1.9000000e+00
  -3.0758300e-04  -1.7758310e-04   5.7806870e-04   1.9500000e+00
  -2.0515080e-04  -1.1844390e-04   3.8555850e-04   2.0000000e+00
  -1.3546950e-04  -7.8213330e-05   2.5460010e-04   2.0500000e+00
  -8.8565660e-05  -5.1133400e-05   1.6644950e-04   2.1000000e+00
  -5.7325450e-05  -3.3096860e-05   1.0773690e-04   2.1500000e+00
  -3.6735550e-05  -2.1209280e-05   6.9040460e-05   2.2000000e+00
  -2.3306800e-05  -1.3456190e-05   4.3802590e-05   2.2500000e+00
  -1.4639830e-05  -8.4523090e-06   2.7513960e-05   2.3000000e+00
  -9.1042780e-06  -5.2563570e-06   1.7110500e-05   2.3500000e+00
  -5.6054810e-06  -3.2363260e-06   1.0534890e-05   2.4000000e+00
  -3.4169380e-06  -1.9727700e-06   6.4217630e-06   2.4500000e+00
   0.0000000e+00   0.0000000e+00   0.0000000e+00   2.5000000e+00
   0.0000000e+00   0.0000000e+00   0.0000000e+00   2.5500000e+00
   0.0000000e+00   0.0000000e+00   0.0000000e+00   2.6000000e+00
   0.0000000e+00   0.0000000e+00   0.0000000e+00   2.6500000e+00
   0.0000000e+00   0.0000000e+00   0.0000000e+00   2.7000000e+00
   0.0000000e+00   0.0000000e+00   0.0000000e+00   2.7500000e+00
   0.0000000e+00   0.0000000e+00   0.0000000e+00   2.8000000e+00
   0.0000000e+00   0.0000000e+00   0.0000000e+00   2.8500000e+00
  -9.6510120e-07  -5.5720140e-07  -3.5370830e-07   2.9000000e+00
  -1.5904460e-06  -9.1824420e-07  -5.8289620e-07   2.9500000e+00
  -2.5949090e-06  -1.4981710e-06  -9.5103080e-07   3.0000000e+00
  -4.1916250e-06  -2.4200360e-06  -1.5362250e-06   3.0500000e+00
  -6.7034890e-06  -3.8702610e-06  -2.4568200e-06   3.1000000e+00
  -1.0613900e-05  -6.1279390e-06  -3.8899810e-06   3.1500000e+00
  -1.6638200e-05  -9.6060670e-06  -6.0978770e-06   3.2000000e+00
  -2.5822290e-05  -1.4908510e-05  -9.4638350e-06   3.2500000e+00
  -3.9677160e-05  -2.2907620e-05  -1.4541630e-05   3.3000000e+00
  -6.0359260e-05  -3.4848430e-05  -2.2121590e-05   3.3500000e+00
  -9.0908330e-05  -5.2485950e-05  -3.3317780e-05   3.4000000e+00
  -1.3555650e-04  -7.8263550e-05  -4.9681260e-05   3.4500000e+00
  -2.0012160e-04  -1.1554020e-04  -7.3344300e-05   3.5000000e+00
  -2.9249950e-04  -1.6887470e-04  -1.0720070e-04   3.5500000e+00
  -4.2326570e-04  -2.4437260e-04  -1.5512630e-04   3.6000000e+00
  -6.0639900e-04  -3.5010460e-04  -2.2224440e-04   3.6500000e+00
  -8.6012270e-04  -4.9659200e-04  -3.1523380e-04   3.7000000e+00
  -1.2078680e-03  -6.9736290e-04  -4.4268210e-04   3.7500000e+00
  -1.6793300e-03  -9.6956150e-04  -6.1547210e-04   3.8000000e+00
  -2.3115800e-03  -1.3345910e-03  -8.4719110e-04   3.8500000e+00
  -3.1502110e-03  -1.8187750e-03  -1.1545480e-03   3.9000000e+00
  -4.2503720e-03  -2.4539530e-03  -1.5577560e-03   3.9500000e+00
  -5.6776840e-03  -3.2780120e-03  -2.0808640e-03   4.0000000e+00
  -7.5088420e-03  -4.3352320e-03  -2.7519810e-03   4.0500000e+00
  -9.8317640e-03  -5.6763710e-03  -3.6033280e-03   4.1000000e+00
  -1.2745220e-02  -7.3584540e-03  -4.6711050e-03   4.1500000e+00
  -1.6357610e-02  -9.4440710e-03  -5.9950430e-03   4.2000000e+00
  -2.0784980e-02  -1.2000210e-02  -7.6176670e-03   4.2500000e+00
  -2.6147880e-02  -1.5096480e-02  -9.5831630e-03   4.3000000e+00
  -3.2567190e-02  -1.8802670e-02  -1.1935830e-02   4.3500000e+00
  -4.0158850e-02  -2.3185720e-02  -1.4718160e-02   4.4000000e+00
  -4.9027430e-02  -2.8306000e-02  -1.7968490e-02   4.4500000e+00
  -5.9258990e-02  -3.4213190e-02  -2.1718340e-02   4.5000000e+00
  -7.0913080e-02  -4.0941680e-02  -2.5989550e-02   4.5500000e+00
  -8.4014720e-02  -4.8505920e-02  -3.0791290e-02   4.6000000e+00
  -9.8546590e-02  -5.6895890e-02  -3.6117200e-02   4.6500000e+00
  -1.1444180e-01  -6.6073030e-02  -4.1942790e-02   4.7000000e+00
  -1.3157860e-01  -7.5966920e-02  -4.8223370e-02   4.7500000e+00
  -1.4977610e-01  -8.6473270e-02  -5.4892750e-02   4.8000000e+00
  -1.6879400e-01  -9.7453240e-02  -6.1862770e-02   4.8500000e+00
  -1.8833390e-01  -1.0873460e-01  -6.9024120e-02   4.9000000e+00
  -2.0804480e-01  -1.2011470e-01  -7.6248160e-02   4.9500000e+00
  -2.2753200e-01  -1.3136570e-01  -8.3390180e-02   5.0000000e+00
  -2.4636850e-01  -1.4224090e-01  -9.0293730e-02   5.0500000e+00
  -2.6411000e-01  -1.5248400e-01  -9.6795960e-02   5.1000000e+00
  -2.8031190e-01  -1.6183810e-01  -1.0273390e-01   5.1500000e+00
  -2.9454750e-01  -1.7005710e-01  -1.0795130e-01   5.2000000e+00
  -3.0642640e-01  -1.7691540e-01  -1.1230490e-01   5.2500000e+00
  -3.1561250e-01  -1.8221890e-01  -1.1567160e-01   5.3000000e+00
  -3.2183930e-01  -1.8581400e-01  -1.1795370e-01   5.3500000e+00
  -3.2492350e-01  -1.8759470e-01  -1.1908400e-01   5.4000000e+00
  -3.2477320e-01  -1.8750790e-01  -1.1902900e-01   5.4500000e+00
  -3.2139290e-01  -1.8555630e-01  -1.1779010e-01   5.5000000e+00
  -3.1488320e-01  -1.8179790e-01  -1.1540430e-01   5.5500000e+00
  -3.0543570e-01  -1.7634340e-01  -1.1194180e-01   5.6000000e+00
  -2.9332360e-01  -1.6935050e-01  -1.0750270e-01   5.6500000e+00
  -2.7888900e-01  -1.6101660e-01  -1.0221250e-01   5.7000000e+00
  -2.6252630e-01  -1.5156960e-01  -9.6215550e-02   5.7500000e+00
  -2.4466470e-01  -1.4125720e-01  -8.9669290e-02   5.8000000e+00
  -2.2574950e-01  -1.3033650e-01  -8.2736890e-02   5.8500000e+00
  -2.0622410e-01  -1.1906350e-01  -7.5580850e-02   5.9000000e+00
  -1.8651290e-01  -1.0768330e-01  -6.8356750e-02   5.9500000e+00
  -1.6700740e-01  -9.6421760e-02  -6.1207990e-02   6.0000000e+00
  -1.4805370e-01  -8.5478860e-02  -5.4261500e-02   6.0500000e+00
  -1.2994520e-01  -7.5023890e-02  -4.7624740e-02   6.1000000e+00
  -1.1291670e-01  -6.5192460e-02  -4.1383810e-02   6.1500000e+00
  -9.7143320e-02  -5.6085720e-02  -3.5602900e-02   6.2000000e+00
  -8.2741770e-02  -4.7770980e-02  -3.0324750e-02   6.2500000e+00
  -6.9774050e-02  -4.0284060e-02  -2.5572100e-02   6.3000000e+00
  -5.8253230e-02  -3.3632520e-02  -2.1349730e-02   6.3500000e+00
  -4.8150760e-02  -2.7799850e-02  -1.7647190e-02   6.4000000e+00
  -3.9404270e-02  -2.2750060e-02  -1.4441610e-02   6.4500000e+00
  -3.1925720e-02  -1.8432320e-02  -1.1700730e-02   6.5000000e+00
  -2.5609130e-02  -1.4785440e-02  -9.3857120e-03   6.5500000e+00
  -2.0337900e-02  -1.1742090e-02  -7.4538150e-03   6.6000000e+00
  -1.5990960e-02  -9.2323810e-03  -5.8606640e-03   6.6500000e+00
  -1.2448010e-02  -7.1868630e-03  -4.5621800e-03   6.7000000e+00
  -9.5936240e-03  -5.5388810e-03  -3.5160510e-03   6.7500000e+00
  -7.3201840e-03  -4.2263100e-03  -2.6828380e-03   6.8000000e+00
  -5.5299170e-03  -3.1926990e-03  -2.0267080e-03   6.8500000e+00
  -4.1359210e-03  -2.3878750e-03  -1.5158100e-03   6.9000000e+00
  -3.0625500e-03  -1.7681640e-03  -1.1224200e-03   6.9500000e+00
  -2.2451790e-03  -1.2962550e-03  -8.2285520e-04   7.0000000e+00
  -1.6295800e-03  -9.4083820e-04  -5.9723880e-04   7.0500000e+00
  -1.1710020e-03  -6.7607850e-04  -4.2917080e-04   7.1000000e+00
  -8.3309880e-04  -4.8098980e-04  -3.0532960e-04   7.1500000e+00
  -5.8680340e-04  -3.3879110e-04  -2.1506270e-04   7.2000000e+00
  -4.0920960e-04  -2.3625730e-04  -1.4997480e-04   7.2500000e+00
  -2.8252420e-04  -1.6311540e-04  -1.0354470e-04   7.3000000e+00
  -1.9311810e-04  -1.1149680e-04  -7.0777540e-05   7.3500000e+00
  -1.3069140e-04  -7.5454700e-05  -4.7898220e-05   7.4000000e+00
  -8.7564530e-05  -5.0555400e-05  -3.2092280e-05   7.4500000e+00
  -5.8085410e-05  -3.3535630e-05  -2.1288230e-05   7.5000000e+00
  -3.8147190e-05  -2.2024290e-05  -1.3980890e-05   7.5500000e+00
  -2.4803580e-05  -1.4320360e-05  -9.0904810e-06   7.6000000e+00
  -1.5967020e-05  -9.2185610e-06  -5.8518910e-06   7.6500000e+00
  -1.0176310e-05  -5.8752970e-06  -3.7296060e-06   7.7000000e+00
  -6.4211750e-06  -3.7072670e-06  -2.3533530e-06   7.7500000e+00
  -4.0113960e-06  -2.3159810e-06  -1.4701710e-06   7.8000000e+00
  -2.4810320e-06  -1.4324240e-06  -9.0929480e-07   7.8500000e+00
  -1.5192430e-06  -8.7713530e-07  -5.5680060e-07   7.9000000e+00
   0.0000000e+00   0.0000000e+00   0.0000000e+00   7.9500000e+00
   0.0000000e+00   0.0000000e+00   0.0000000e+00   8.0000000e+00
   0.0000000e+00   0.0000000e+00   0.0000000e+00   8.0500000e+00
   0.0000000e+00   0.0000000e+00   0.0000000e+00   8.1000000e+00
   0.0000000e+00   0.0000000e+00   0.0000000e+00   8.1500000e+00
   0.0000000e+00   0.0000000e+00   0.0000000e+00   8.2000000e+00
   0.0000000e+00   0.0000000e+00   0.0000000e+00   8.2500000e+00
   0.0000000e+00   0.0000000e+00   0.0000000e+00   8.3000000e+00
   0.0000000e+00   0.0000000e+00   0.0000000e+00   8.3500000e+00
   0.0000000e+00   0.0000000e+00   0.0000000e+00   8.4000000e+00
   0.0000000e+00   0.0000000e+00   0.0000000e+00   8.4500000e+00
   0.0000000e+00   0.0000000e+00   0.0000000e+00   8.5000000e+00
   0.0000000e+00   0.0000000e+00   0.0000000e+00   8.5500000e+00
   0.0000000e+00   0.0000000e+00   0.0000000e+00   8.6000000e+00
   0.0000000e+00   0.0000000e+00   0.0000000e+00   8.6500000e+00
   0.0000000e+00   0.0000000e+00   0.0000000e+00   8.7000000e+00
   0.0000000e+00   0.0000000e+00   0.0000000e+00   8.7500000e+00
   0.0000000e+00   0.0000000e+00   0.0000000e+00   8.8000000e+00
   0.0000000e+00   0.0000000e+00   0.0000000e+00   8.8500000e+00
   0.0000000e+00   0.0000000e+00   0.0000000e+00   8.9000000e+00
   0.0000000e+00   0.0000000e+00   0.0000000e+00   8.9500000e+00
   0.0000000e+00   0.0000000e+00   0.0000000e+00   9.0000000e+00
   0.0000000e+00   0.0000000e+00   0.0000000e+00   9.0500000e+00
   3.1499900e-07   1.8186470e-07  -5.9200620e-07   9.1000000e+00
   5.2162680e-07   3.0116130e-07  -9.8034070e-07   9.1500000e+00
   8.5519910e-07   4.9374940e-07  -1.6072530e-06   9.2000000e+00
   1.3881380e-06   8.0144200e-07  -2.6088550e-06   9.2500000e+00
   2.2307660e-06   1.2879330e-06  -4.1924810e-06   9.3000000e+00
   3.5492180e-06   2.0491410e-06  -6.6703670e-06   9.3500000e+00
   5.5907310e-06   3.2278100e-06  -1.0507170e-05   9.4000000e+00
   8.7188890e-06   5.0338520e-06  -1.6386200e-05   9.4500000e+00
   1.3462070e-05   7.7723290e-06  -2.5300490e-05   9.5000000e+00
   2.0578740e-05   1.1881140e-05  -3.8675490e-05   9.5500000e+00
   3.1144580e-05   1.7981330e-05  -5.8532850e-05   9.6000000e+00
   4.6666340e-05   2.6942820e-05  -8.7704290e-05   9.6500000e+00
   6.9228070e-05   3.9968840e-05  -1.3010660e-04   9.7000000e+00
   1.0167570e-04   5.8702510e-05  -1.9108850e-04   9.7500000e+00
   1.4784610e-04   8.5358960e-05  -2.7786060e-04   9.8000000e+00
   2.1284280e-04   1.2288480e-04  -4.0001490e-04   9.8500000e+00
   3.0336490e-04   1.7514780e-04  -5.7014120e-04   9.9000000e+00
   4.2808390e-04   2.4715430e-04  -8.0453700e-04   9.9500000e+00
   5.9806640e-04   3.4529380e-04  -1.1240010e-03   1.0000000e+01
   8.2723150e-04   4.7760220e-04  -1.5546910e-03   1.0050000e+01
   1.1328220e-03   6.5403500e-04  -2.1290150e-03   1.0100000e+01
   1.5358660e-03   8.8673230e-04  -2.8864920e-03   1.0150000e+01
   2.0615890e-03   1.1902590e-03  -3.8745320e-03   1.0200000e+01
   2.7397300e-03   1.5817840e-03  -5.1490250e-03   1.0250000e+01
   3.6047150e-03   2.0811830e-03  -6.7746680e-03   1.0300000e+01
   4.6955950e-03   2.7110030e-03  -8.8248590e-03   1.0350000e+01
   6.0557450e-03   3.4962850e-03  -1.1381110e-02   1.0400000e+01
   7.7321770e-03   4.4641740e-03  -1.4531780e-02   1.0450000e+01
   9.7744600e-03   5.6432860e-03  -1.8370030e-02   1.0500000e+01
   1.2233230e-02   7.0628560e-03  -2.2991010e-02   1.0550000e+01
   1.5158150e-02   8.7515590e-03  -2.8488080e-02   1.0600000e+01
   1.8595520e-02   1.0736130e-02  -3.4948260e-02   1.0650000e+01
   2.2585400e-02   1.3039680e-02  -4.2446780e-02   1.0700000e+01
   2.7158390e-02   1.5679900e-02  -5.1041220e-02   1.0750000e+01
   3.2332360e-02   1.8667090e-02  -6.0765140e-02   1.0800000e+01
   3.8109030e-02   2.2002260e-02  -7.1621770e-02   1.0850000e+01
   4.4470850e-02   2.5675250e-02  -8.3578120e-02   1.0900000e+01
   5.1378340e-02   2.9663290e-02  -9.6559980e-02   1.0950000e+01
   5.8768100e-02   3.3929770e-02  -1.1044820e-01   1.1000000e+01
   6.6551870e-02   3.8423740e-02  -1.2507700e-01   1.1050000e+01
   7.4616710e-02   4.3079970e-02  -1.4023400e-01   1.1100000e+01
   8.2826410e-02   4.7819850e-02  -1.5566320e-01   1.1150000e+01
   9.1024590e-02   5.2553060e-02  -1.7107080e-01   1.1200000e+01
   9.9038860e-02   5.7180100e-02  -1.8613270e-01   1.1250000e+01
   1.0668650e-01   6.1595490e-02  -2.0050570e-01   1.1300000e+01
   1.1378120e-01   6.5691610e-02  -2.1383940e-01   1.1350000e+01
   1.2014030e-01   6.9363020e-02  -2.2579060e-01   1.1400000e+01
   1.2559250e-01   7.2510870e-02  -2.3603750e-01   1.1450000e+01
   1.2998580e-01   7.5047340e-02  -2.4429420e-01   1.1500000e+01
   1.3319420e-01   7.6899680e-02  -2.5032390e-01   1.1550000e+01
   1.3512370e-01   7.8013700e-02  -2.5395030e-01   1.1600000e+01
   1.3571720e-01   7.8356350e-02  -2.5506570e-01   1.1650000e+01
   1.3495700e-01   7.7917430e-02  -2.5363690e-01   1.1700000e+01
   1.3286570e-01   7.6710020e-02  -2.4970650e-01   1.1750000e+01
   1.2950520e-01   7.4769870e-02  -2.4339090e-01   1.1800000e+01
   1.2497380e-01   7.2153630e-02  -2.3487450e-01   1.1850000e+01
   1.1940090e-01   6.8936120e-02  -2.2440090e-01   1.1900000e+01
   1.1294140e-01   6.5206740e-02  -2.1226110e-01   1.1950000e+01
   1.0576840e-01   6.1065400e-02  -1.9878020e-01   1.2000000e+01
   9.8065380e-02   5.6618060e-02  -1.8430320e-01   1.2050000e+01
   9.0018660e-02   5.1972290e-02  -1.6918030e-01   1.2100000e+01
   8.1810010e-02   4.7233020e-02  -1.5375300e-01   1.2150000e+01
   7.3610100e-02   4.2498800e-02  -1.3834210e-01   1.2200000e+01
   6.5573060e-02   3.7858620e-02  -1.2323740e-01   1.2250000e+01
   5.7832300e-02   3.3389490e-02  -1.0868950e-01   1.2300000e+01
   5.0497820e-02   2.9154920e-02  -9.4905140e-02   1.2350000e+01
   4.3654780e-02   2.5204100e-02  -8.2044390e-02   1.2400000e+01
   3.7363540e-02   2.1571840e-02  -7.0220690e-02   1.2450000e+01
   3.1660760e-02   1.8279350e-02  -5.9502950e-02   1.2500000e+01
   2.6561450e-02   1.5335260e-02  -4.9919340e-02   1.2550000e+01
   2.2061710e-02   1.2737330e-02  -4.1462570e-02   1.2600000e+01
   1.8141940e-02   1.0474250e-02  -3.4095790e-02   1.2650000e+01
   1.4770150e-02   8.5275510e-03  -2.7758890e-02   1.2700000e+01
   1.1905390e-02   6.8735790e-03  -2.2374880e-02   1.2750000e+01
   9.5007770e-03   5.4852760e-03  -1.7855680e-02   1.2800000e+01
   7.5064030e-03   4.3338230e-03  -1.4107470e-02   1.2850000e+01
   5.8716710e-03   3.3900100e-03  -1.1035160e-02   1.2900000e+01
   4.5472460e-03   2.6253530e-03  -8.5460520e-03   1.2950000e+01
   3.4865220e-03   2.0129440e-03  -6.5525370e-03   1.3000000e+01
   2.6466290e-03   1.5280320e-03  -4.9740500e-03   1.3050000e+01
   1.9890750e-03   1.1483930e-03  -3.7382490e-03   1.3100000e+01
   1.4800150e-03   8.5448720e-04  -2.7815270e-03   1.3150000e+01
   1.0902800e-03   6.2947350e-04  -2.0490630e-03   1.3200000e+01
   7.9518350e-04   4.5909930e-04  -1.4944610e-03   1.3250000e+01
   5.7418700e-04   3.3150700e-04  -1.0791220e-03   1.3300000e+01
   4.1048440e-04   2.3699330e-04  -7.7146070e-04   1.3350000e+01
   2.9053420e-04   1.6774000e-04  -5.4602730e-04   1.3400000e+01
   2.0358900e-04   1.1754210e-04  -3.8262330e-04   1.3450000e+01
   1.4124360e-04   8.1547010e-05  -2.6545190e-04   1.3500000e+01
   9.7015230e-05   5.6011760e-05  -1.8232950e-04   1.3550000e+01
   6.5973370e-05   3.8089740e-05  -1.2398980e-04   1.3600000e+01
   4.4417530e-05   2.5644470e-05  -8.3477900e-05   1.3650000e+01
   2.9607200e-05   1.7093720e-05  -5.5643490e-05   1.3700000e+01
   1.9538730e-05   1.1280690e-05  -3.6720910e-05   1.3750000e+01
   1.2765950e-05   7.3704220e-06  -2.3992210e-05   1.3800000e+01
   8.2578460e-06   4.7676690e-06  -1.5519720e-05   1.3850000e+01
   5.2885660e-06   3.0533540e-06  -9.9392820e-06   1.3900000e+01
   3.3532500e-06   1.9360000e-06  -6.3020680e-06   1.3950000e+01
   2.1049910e-06   1.2153170e-06  -3.9561000e-06   1.4000000e+01
   1.3082560e-06   7.5532160e-07  -2.4587240e-06   1.4050000e+01
   8.0499190e-07   4.6476220e-07  -1.5128940e-06   1.4100000e+01
   0.0000000e+00   0.0000000e+00   0.0000000e+00   1.4150000e+01
   0.0000000e+00   0.0000000e+00   0.0000000e+00   1.4200000e+01
   0.0000000e+00   0.0000000e+00   0.0000000e+00   1.4250000e+01
   0.0000000e+00   0.0000000e+00   0.0000000e+00   1.4300000e+01
   0.0000000e+00   0.0000000e+00   0.0000000e+00   1.4350000e+01
   0.0000000e+00   0.0000000e+00   0.0000000e+00   1.4400000e+01
   0.0000000e+00   0.0000000e+00   0.0000000e+00   1.4450000e+01
   0.0000000e+00   0.0000000e+00   0.0000000e+00   1.4500000e+01
   0.0000000e+00   0.0000000e+00   0.0000000e+00   1.4550000e+01
  -7.6474980e-07  -4.4152840e-07  -2.8027980e-07   1.4600000e+01
  -1.2594990e-06  -7.2717180e-07  -4.6160470e-07   1.4650000e+01
  -2.0536800e-06  -1.1856920e-06  -7.5267090e-07   1.4700000e+01
  -3.3153170e-06  -1.9140980e-06  -1.2150590e-06   1.4750000e+01
  -5.2987600e-06  -3.0592400e-06  -1.9419890e-06   1.4800000e+01
  -8.3845880e-06  -4.8408430e-06  -3.0729400e-06   1.4850000e+01
  -1.3135450e-05  -7.5837530e-06  -4.8141250e-06   1.4900000e+01
  -2.0373490e-05  -1.1762640e-05  -7.4668570e-06   1.4950000e+01
  -3.1285490e-05  -1.8062680e-05  -1.1466090e-05   1.5000000e+01
  -4.7563940e-05  -2.7461050e-05  -1.7432120e-05   1.5050000e+01
  -7.1592910e-05  -4.1334180e-05  -2.6238710e-05   1.5100000e+01
  -1.0668880e-04  -6.1596790e-05  -3.9101310e-05   1.5150000e+01
  -1.5740720e-04  -9.0879060e-05  -5.7689530e-05   1.5200000e+01
  -2.2992570e-04  -1.3274760e-04  -8.4267460e-05   1.5250000e+01
  -3.3251230e-04  -1.9197600e-04  -1.2186530e-04   1.5300000e+01
  -4.7608530e-04  -2.7486790e-04  -1.7448460e-04   1.5350000e+01
  -6.7486850e-04  -3.8963540e-04  -2.4733840e-04   1.5400000e+01
  -9.4713100e-04  -5.4682620e-04  -3.4712230e-04   1.5450000e+01
  -1.3160070e-03  -7.5979710e-04  -4.8231500e-04   1.5500000e+01
  -1.8103550e-03  -1.0452090e-03  -6.6349280e-04   1.5550000e+01
  -2.4656190e-03  -1.4235260e-03  -9.0364620e-04   1.5600000e+01
  -3.3246480e-03  -1.9194860e-03  -1.2184790e-03   1.5650000e+01
  -4.4383540e-03  -2.5624840e-03  -1.6266510e-03   1.5700000e+01
  -5.8661810e-03  -3.3868400e-03  -2.1499480e-03   1.5750000e+01
  -7.6761990e-03  -4.4318540e-03  -2.8133170e-03   1.5800000e+01
  -9.9447460e-03  -5.7416000e-03  -3.6447360e-03   1.5850000e+01
  -1.2755530e-02  -7.3644090e-03  -4.6748860e-03   1.5900000e+01
  -1.6197960e-02  -9.3518930e-03  -5.9365300e-03   1.5950000e+01
  -2.0364740e-02  -1.1757590e-02  -7.4636520e-03   1.6000000e+01
  -2.5348660e-02  -1.4635050e-02  -9.2902510e-03   1.6050000e+01
  -3.1238330e-02  -1.8035450e-02  -1.1448810e-02   1.6100000e+01
  -3.8113420e-02  -2.2004790e-02  -1.3968520e-02   1.6150000e+01
  -4.6038900e-02  -2.6580560e-02  -1.6873190e-02   1.6200000e+01
  -5.5059090e-02  -3.1788370e-02  -2.0179080e-02   1.6250000e+01
  -6.5191390e-02  -3.7638250e-02  -2.3892560e-02   1.6300000e+01
  -7.6420230e-02  -4.4121230e-02  -2.8007910e-02   1.6350000e+01
  -8.8691820e-02  -5.1206240e-02  -3.2505440e-02   1.6400000e+01
  -1.0190980e-01  -5.8837640e-02  -3.7349810e-02   1.6450000e+01
  -1.1593250e-01  -6.6933660e-02  -4.2489120e-02   1.6500000e+01
  -1.3057250e-01  -7.5386050e-02  -4.7854650e-02   1.6550000e+01
  -1.4559790e-01  -8.4060980e-02  -5.3361450e-02   1.6600000e+01
  -1.6073700e-01  -9.2801500e-02  -5.8909890e-02   1.6650000e+01
  -1.7568450e-01  -1.0143140e-01  -6.4388120e-02   1.6700000e+01
  -1.9011130e-01  -1.0976080e-01  -6.9675550e-02   1.6750000e+01
  -2.0367590e-01  -1.1759230e-01  -7.4646960e-02   1.6800000e+01
  -2.1603720e-01  -1.2472910e-01  -7.9177330e-02   1.6850000e+01
  -2.2686850e-01  -1.3098260e-01  -8.3147010e-02   1.6900000e+01
  -2.3587240e-01  -1.3618100e-01  -8.6446930e-02   1.6950000e+01
  -2.4279350e-01  -1.4017680e-01  -8.8983490e-02   1.7000000e+01
  -2.4743100e-01  -1.4285430e-01  -9.0683120e-02   1.7050000e+01
  -2.4964800e-01  -1.4413430e-01  -9.1495660e-02   1.7100000e+01
  -2.4937860e-01  -1.4397870e-01  -9.1396920e-02   1.7150000e+01
  -2.4663080e-01  -1.4239230e-01  -9.0389860e-02   1.7200000e+01
  -2.4148630e-01  -1.3942210e-01  -8.8504400e-02   1.7250000e+01
  -2.3409640e-01  -1.3515560e-01  -8.5796020e-02   1.7300000e+01
  -2.2467460e-01  -1.2971590e-01  -8.2342950e-02   1.7350000e+01
  -2.1348650e-01  -1.2325650e-01  -7.8242520e-02   1.7400000e+01
  -2.0083700e-01  -1.1595330e-01  -7.3606510e-02   1.7450000e+01
  -1.8705710e-01  -1.0799750e-01  -6.8556200e-02   1.7500000e+01
  -1.7248920e-01  -9.9586640e-02  -6.3217050e-02   1.7550000e+01
  -1.5747310e-01  -9.0917120e-02  -5.7713690e-02   1.7600000e+01
  -1.4233380e-01  -8.2176440e-02  -5.2165150e-02   1.7650000e+01
  -1.2736990e-01  -7.3537010e-02  -4.6680890e-02   1.7700000e+01
  -1.1284500e-01  -6.5151100e-02  -4.1357560e-02   1.7750000e+01
  -9.8981780e-02  -5.7147140e-02  -3.6276690e-02   1.7800000e+01
  -8.5957770e-02  -4.9627730e-02  -3.1503410e-02   1.7850000e+01
  -7.3904700e-02  -4.2668890e-02  -2.7085970e-02   1.7900000e+01
  -6.2909470e-02  -3.6320790e-02  -2.3056240e-02   1.7950000e+01
  -5.3017230e-02  -3.0609510e-02  -1.9430750e-02   1.8000000e+01
  -4.4235920e-02  -2.5539620e-02  -1.6212410e-02   1.8050000e+01
  -3.6541830e-02  -2.1097430e-02  -1.3392530e-02   1.8100000e+01
  -2.9885630e-02  -1.7254470e-02  -1.0953040e-02   1.8150000e+01
  -2.4198680e-02  -1.3971110e-02  -8.8687860e-03   1.8200000e+01
  -1.9398950e-02  -1.1199980e-02  -7.1096880e-03   1.8250000e+01
  -1.5396470e-02  -8.8891560e-03  -5.6427880e-03   1.8300000e+01
  -1.2098230e-02  -6.9849140e-03  -4.4339850e-03   1.8350000e+01
  -9.4119380e-03  -5.4339840e-03  -3.4494630e-03   1.8400000e+01
  -7.2492620e-03  -4.1853620e-03  -2.6568450e-03   1.8450000e+01
  -5.5279670e-03  -3.1915730e-03  -2.0259930e-03   1.8500000e+01
  -4.1734380e-03  -2.4095350e-03  -1.5295590e-03   1.8550000e+01
  -3.1194620e-03  -1.8010220e-03  -1.1432790e-03   1.8600000e+01
  -2.3084590e-03  -1.3327890e-03  -8.4604740e-04   1.8650000e+01
  -1.6913060e-03  -9.7647570e-04  -6.1986140e-04   1.8700000e+01
  -1.2268150e-03  -7.0830200e-04  -4.4962620e-04   1.8750000e+01
  -8.8103460e-04  -5.0866550e-04  -3.2289800e-04   1.8800000e+01
  -6.2641760e-04  -3.6166230e-04  -2.2958120e-04   1.8850000e+01
  -4.4095250e-04  -2.5458400e-04  -1.6160850e-04   1.8900000e+01
  -3.0731020e-04  -1.7742560e-04  -1.1262880e-04   1.8950000e+01
  -2.1204080e-04  -1.2242180e-04  -7.7712670e-05   1.9000000e+01
  -1.4484990e-04  -8.3629110e-05  -5.3087290e-05   1.9050000e+01
  -9.7965810e-05  -5.6560580e-05  -3.5904340e-05   1.9100000e+01
  -6.5597550e-05  -3.7872760e-05  -2.4041420e-05   1.9150000e+01
  -4.3486870e-05  -2.5107150e-05  -1.5937880e-05   1.9200000e+01
  -2.8542100e-05  -1.6478790e-05  -1.0460640e-05   1.9250000e+01
  -1.8546860e-05  -1.0708030e-05  -6.7974000e-06   1.9300000e+01
  -1.1931950e-05  -6.8889120e-06  -4.3730430e-06   1.9350000e+01
  -7.5999380e-06  -4.3878250e-06  -2.7853670e-06   1.9400000e+01
  -4.7925400e-06  -2.7669730e-06  -1.7564590e-06   1.9450000e+01
  -2.9921180e-06  -1.7275000e-06  -1.0966070e-06   1.9500000e+01
  -1.8494760e-06  -1.0677950e-06  -6.7783060e-07   1.9550000e+01
  -1.1318120e-06  -6.5345210e-07  -4.1480780e-07   1.9600000e+01
   0.0000000e+00   0.0000000e+00   0.0000000e+00   1.9650000e+01
   0.0000000e+00   0.0000000e+00   0.0000000e+00   1.9700000e+01
   0.0000000e+00   0.0000000e+00   0.0000000e+00   1.9750000e+01
   0.0000000e+00   0.0000000e+00   0.0000000e+00   1.9800000e+01
   0.0000000e+00   0.0000000e+00   0.0000000e+00   1.9850000e+01
   0.0000000e+00   0.0000000e+00   0.0000000e+00   1.9900000e+01
   0.0000000e+00   0.0000000e+00   0.0000000e+00   1.9950000e+01
   0.0000000e+00   0.0000000e+00   0.0000000e+00   2.0000000e+01
   5.9392200e-07   3.4290080e-07   2.1767160e-07   2.0050000e+01
   9.8260480e-07   5.6730680e-07   3.6012330e-07   2.0100000e+01
   1.6094770e-06   9.2923150e-07   5.8987130e-07   2.0150000e+01
   2.6100420e-06   1.5069070e-06   9.5657660e-07   2.0200000e+01
   4.1905140e-06   2.4193930e-06   1.5358180e-06   2.0250000e+01
   6.6610720e-06   3.8457700e-06   2.4412740e-06   2.0300000e+01
   1.0482850e-05   6.0522700e-06   3.8419490e-06   2.0350000e+01
   1.6333150e-05   9.4299430e-06   5.9860780e-06   2.0400000e+01
   2.5195220e-05   1.4546460e-05   9.2340140e-06   2.0450000e+01
   3.8478950e-05   2.2215820e-05   1.4102480e-05   2.0500000e+01
   5.8181610e-05   3.3591150e-05   2.1323480e-05   2.0550000e+01
   8.7097430e-05   5.0285690e-05   3.1921090e-05   2.0600000e+01
   1.2908680e-04   7.4528260e-05   4.7310150e-05   2.0650000e+01
   1.8941540e-04   1.0935900e-04   6.9420490e-05   2.0700000e+01
   2.7517300e-04   1.5887110e-04   1.0085050e-04   2.0750000e+01
   3.9577980e-04   2.2850340e-04   1.4505280e-04   2.0800000e+01
   5.6358360e-04   3.2538490e-04   2.0655260e-04   2.0850000e+01
   7.9454830e-04   4.5873230e-04   2.9120080e-04   2.0900000e+01
   1.1090190e-03   6.4029170e-04   4.0645380e-04   2.0950000e+01
   1.5325500e-03   8.8481770e-04   5.6167760e-04   2.1000000e+01
   2.0967550e-03   1.2105610e-03   7.6845790e-04   2.1050000e+01
   2.8401260e-03   1.6397460e-03   1.0409020e-03   2.1100000e+01
   3.8087700e-03   2.1989930e-03   1.3959090e-03   2.1150000e+01
   5.0569520e-03   2.9196300e-03   1.8533660e-03   2.1200000e+01
   6.6473690e-03   3.8378580e-03   2.4362520e-03   2.1250000e+01
   8.6510360e-03   4.9946750e-03   3.1705930e-03   2.1300000e+01
   1.1146620e-02   6.4355020e-03   4.0852230e-03   2.1350000e+01
   1.4219220e-02   8.2094650e-03   5.2113240e-03   2.1400000e+01
   1.7958290e-02   1.0368220e-02   6.5816900e-03   2.1450000e+01
   2.2454910e-02   1.2964340e-02   8.2296950e-03   2.1500000e+01
   2.7798090e-02   1.6049230e-02   1.0187960e-02   2.1550000e+01
   3.4070260e-02   1.9670460e-02   1.2486700e-02   2.1600000e+01
   4.1342150e-02   2.3868880e-02   1.5151840e-02   2.1650000e+01
   4.9666980e-02   2.8675220e-02   1.8202880e-02   2.1700000e+01
   5.9074410e-02   3.4106600e-02   2.1650690e-02   2.1750000e+01
   6.9564580e-02   4.0163100e-02   2.5495320e-02   2.1800000e+01
   8.1102440e-02   4.6824490e-02   2.9723930e-02   2.1850000e+01
   9.3613130e-02   5.4047530e-02   3.4309090e-02   2.1900000e+01
   1.0697860e-01   6.1764060e-02   3.9207500e-02   2.1950000e+01
   1.2103580e-01   6.9879980e-02   4.4359450e-02   2.2000000e+01
   1.3557750e-01   7.8275680e-02   4.9688980e-02   2.2050000e+01
   1.5035530e-01   8.6807620e-02   5.5105020e-02   2.2100000e+01
   1.6508480e-01   9.5311660e-02   6.0503340e-02   2.2150000e+01
   1.7945360e-01   1.0360750e-01   6.5769500e-02   2.2200000e+01
   1.9313210e-01   1.1150480e-01   7.0782650e-02   2.2250000e+01
   2.0578500e-01   1.1880990e-01   7.5419920e-02   2.2300000e+01
   2.1708510e-01   1.2533410e-01   7.9561400e-02   2.2350000e+01
   2.2672710e-01   1.3090090e-01   8.3095190e-02   2.2400000e+01
   2.3444120e-01   1.3535460e-01   8.5922380e-02   2.2450000e+01
   2.4000560e-01   1.3856720e-01   8.7961750e-02   2.2500000e+01
   2.4325740e-01   1.4044460e-01   8.9153510e-02   2.2550000e+01
   2.4409990e-01   1.4093110e-01   8.9462300e-02   2.2600000e+01
   2.4250820e-01   1.4001210e-01   8.8878910e-02   2.2650000e+01
   2.3852950e-01   1.3771500e-01   8.7420750e-02   2.2700000e+01
   2.3228170e-01   1.3410780e-01   8.5130920e-02   2.2750000e+01
   2.2394680e-01   1.2929560e-01   8.2076180e-02   2.2800000e+01
   2.1376260e-01   1.2341580e-01   7.8343700e-02   2.2850000e+01
   2.0201130e-01   1.1663120e-01   7.4036870e-02   2.2900000e+01
   1.8900650e-01   1.0912290e-01   6.9270620e-02   2.2950000e+01
   1.7507930e-01   1.0108200e-01   6.4166310e-02   2.3000000e+01
   1.6056460e-01   9.2701970e-02   5.8846720e-02   2.3050000e+01
   1.4578810e-01   8.4170740e-02   5.3431140e-02   2.3100000e+01
   1.3105430e-01   7.5664190e-02   4.8031230e-02   2.3150000e+01
   1.1663730e-01   6.7340550e-02   4.2747430e-02   2.3200000e+01
   1.0277350e-01   5.9336230e-02   3.7666330e-02   2.3250000e+01
   8.9656410e-02   5.1763110e-02   3.2858950e-02   2.3300000e+01
   7.7435280e-02   4.4707250e-02   2.8379920e-02   2.3350000e+01
   6.6214530e-02   3.8228950e-02   2.4267540e-02   2.3400000e+01
   5.6056360e-02   3.2364140e-02   2.0544580e-02   2.3450000e+01
   4.6984380e-02   2.7126430e-02   1.7219710e-02   2.3500000e+01
   3.8988740e-02   2.2510140e-02   1.4289320e-02   2.3550000e+01
   3.2031850e-02   1.8493580e-02   1.1739630e-02   2.3600000e+01
   2.6054430e-02   1.5042520e-02   9.5489150e-03   2.3650000e+01
   2.0981600e-02   1.2113720e-02   7.6897280e-03   2.3700000e+01
   1.6728330e-02   9.6580990e-03   6.1309100e-03   2.3750000e+01
   1.3204540e-02   7.6236420e-03   4.8394470e-03   2.3800000e+01
   1.0319330e-02   5.9578650e-03   3.7820210e-03   2.3850000e+01
   7.9842910e-03   4.6097300e-03   2.9262320e-03   2.3900000e+01
   6.1161580e-03   3.5311630e-03   2.2415640e-03   2.3950000e+01
   4.6385040e-03   2.6780400e-03   1.7000050e-03   2.4000000e+01
   3.4828440e-03   2.0108200e-03   1.2764580e-03   2.4050000e+01
   2.5890920e-03   1.4948120e-03   9.4889860e-04   2.4100000e+01
   1.9055380e-03   1.1001620e-03   6.9837700e-04   2.4150000e+01
   1.3884970e-03   8.0164870e-04   5.0888240e-04   2.4200000e+01
   1.0016820e-03   5.7832080e-04   3.6711500e-04   2.4250000e+01
   7.1543650e-04   4.1305720e-04   2.6220650e-04   2.4300000e+01
   5.0590580e-04   2.9208470e-04   1.8541380e-04   2.4350000e+01
   3.5418090e-04   2.0448630e-04   1.2980680e-04   2.4400000e+01
   2.4549230e-04   1.4173490e-04   8.9972590e-05   2.4450000e+01
   1.6846430e-04   9.7262850e-05   6.1741940e-05   2.4500000e+01
   1.1445490e-04   6.6080520e-05   4.1947560e-05   2.4550000e+01
   7.6987090e-05   4.4448480e-05   2.8215660e-05   2.4600000e+01
   5.1269490e-05   2.9600430e-05   1.8790200e-05   2.4650000e+01
   3.3803140e-05   1.9516240e-05   1.2388810e-05   2.4700000e+01
   2.2065440e-05   1.2739480e-05   8.0869530e-06   2.4750000e+01
   1.4260170e-05   8.2331050e-06   5.2263310e-06   2.4800000e+01
   9.1241640e-06   5.2678350e-06   3.3439940e-06   2.4850000e+01
   5.7798880e-06   3.3370170e-06   2.1183210e-06   2.4900000e+01
   3.6249560e-06   2.0928680e-06   1.3285410e-06   2.4950000e+01
