-117.7085 38.0767 33.25 1.7703 GS.MCA04
-118.1530 38.4328 35.75 1.7572 IM.NV31
-118.2995 38.3343 35.50 1.7539 IM.NV32
-117.2218 40.4315 29.25 1.7900 LB.BMN
-119.7905 41.9582 35.50 1.7637 NN.COLR
-118.1012 39.0484 34.00 1.7621 NN.KVN
-118.5049 38.2513 38.75 1.7621 NN.LHV
-117.8721 38.1572 34.25 1.7621 NN.MCM05
-115.1384 36.2547 33.50 1.8523 NN.MOHS
-117.5157 38.3268 34.25 1.7375 NN.OUT1
-119.5997 39.0891 36.00 1.7916 NN.PNT
-117.1816 38.8340 39.75 1.7575 NN.Q09A
-115.5854 38.3489 32.25 1.7653 NN.R11B
-119.7647 39.3900 34.75 1.7884 NN.REDF
-120.1549 39.0517 42.50 1.7550 NN.RUB
-118.5223 38.6281 35.75 1.7621 NN.RYN
-115.1567 36.5047 32.00 1.8425 NN.SHP
-114.3314 38.9989 35.25 1.7801 NN.SPR3
-115.1446 36.1106 30.00 1.8675 NN.UNVG
-119.6503 39.2956 34.50 1.7916 NN.VCN
-119.7563 39.3017 34.75 1.7900 NN.WCN
-119.8099 39.5841 34.50 1.7670 NN.WDEM
-116.6266 36.7927 34.00 1.8376 NN.WLDB
-115.0106 36.1917 29.25 1.8825 NN.WTNK
-119.9376 39.0131 37.00 1.7785 NN.ZPR
-116.1526 36.6877 35.75 1.7621 SN.JFR2
-115.9623 36.6618 34.00 1.7500 SN.MCY
-115.9854 36.7285 34.00 1.7325 SN.RVFF
-116.1054 36.7607 35.75 1.7572 SN.RVNE
-116.0984 36.6959 36.00 1.7556 SN.RVSE
-116.1781 36.6882 35.25 1.7637 SN.SPRS
-119.1711 41.3884 34.25 1.7736 TA.M07A
-118.3792 41.4483 30.75 1.7966 TA.M08A
-117.4497 41.4230 25.75 1.8550 TA.M09A
-116.5396 41.5220 37.75 1.8097 TA.M10A
-115.7912 41.4311 59.00 2.0100 TA.M11A
-114.9151 41.4157 33.25 1.8146 TA.M12A
-114.1655 41.3602 32.50 1.8150 TA.M13A
-118.9716 40.7721 27.50 1.8000 TA.N07A
-118.9711 40.7797 28.00 1.8025 TA.N07B
-118.1337 40.7811 31.75 1.7900 TA.N08A
-117.5244 40.8520 31.75 1.7932 TA.N09A
-116.5080 40.7186 29.00 1.7875 TA.N10A
-115.7360 40.8167 33.25 1.7999 TA.N11A
-115.0387 40.8522 32.25 1.7775 TA.N12A
-114.2045 40.8556 30.00 1.8125 TA.N13A
-118.8772 40.1614 30.75 1.7851 TA.O07A
-118.1550 40.2903 29.75 1.7825 TA.O08A
-117.1899 40.1697 29.00 1.7775 TA.O09A
-116.4999 40.2917 31.00 1.7750 TA.O10A
-115.6570 40.1313 32.50 1.7801 TA.O11A
-114.7454 40.2679 30.00 1.7650 TA.O12A
-119.8983 39.6785 35.75 1.7605 TA.P06A
-118.8893 39.5399 31.00 1.7900 TA.P07A
-118.0800 39.6946 32.25 1.7785 TA.P08A
-117.1395 39.5516 31.75 1.7637 TA.P09A
-116.4639 39.6202 32.50 1.7475 TA.P10A
-115.7536 39.5530 31.75 1.7600 TA.P11A
-114.9075 39.4731 33.75 1.7523 TA.P12A
-114.0156 39.4550 30.50 1.7775 TA.P13A
-118.8078 38.9383 34.00 1.7851 TA.Q07A
-117.9316 38.8606 37.75 1.7637 TA.Q08A
-117.1816 38.8340 39.75 1.7575 TA.Q09A
-116.3999 38.8247 38.75 1.7572 TA.Q10A
-115.6541 38.8455 36.75 1.7670 TA.Q11A
-114.8299 39.0400 36.75 1.7653 TA.Q12A
-114.0202 38.9551 35.75 1.7900 TA.Q13A
-118.1064 38.3489 36.00 1.7637 TA.R08A
-117.0718 38.2397 36.00 1.7556 TA.R09A
-116.3021 38.2886 33.75 1.7637 TA.R10A
-115.7472 37.6444 33.75 1.7588 TA.S11A
-115.2202 37.2408 31.25 1.8200 TA.T11A
-114.7147 36.7256 30.75 1.8250 TA.T12A
-116.3297 36.4193 31.50 1.8195 TA.U10A
-115.3835 36.4230 32.00 1.8376 TA.U11A
-114.5388 36.4321 33.00 1.8195 TA.U12A
-115.4305 35.8384 30.25 1.8150 TA.V11A
-114.8511 35.7266 30.00 1.8525 TA.V12A
-114.8701 35.3010 29.25 1.7975 TA.W12A
-117.2218 40.4315 29.25 1.7900 US.BMN
-118.1531 38.4328 35.50 1.7539 US.MNV
-116.2495 36.9488 36.00 1.7950 US.TPNV
-118.1573 37.8964 38.25 1.7400 XE05.SNP28
-118.5585 38.1693 38.50 1.7550 XE05.SNP48
-119.5914 39.3597 33.50 1.7932 XE05.SNPB9
-114.1020 38.8808 36.00 1.7834 XH94.GAR
-116.7680 38.9883 36.00 1.7400 XH94.MLC
-114.9890 37.6483 34.00 1.7703 XH94.PHR
-114.1670 40.5242 29.00 1.8125 XH94.WCP
